teamID,PV,PExp,HV,HExp,lag1team,lag1wpct,lag2team,lag2wpct,Era,PredWpct,ou,PredW
ARI,-0.07968507076934168,4.465908118654584,13.349016260381527,4.48863636973214,0.4791457049517346,0.4567901234567901,0.32957654471335,0.32098765432098764,7,0.4966377139512098,74.5,80.45530966009599
ATL,6.348647552448696,4.51085950651685,13.273055666711835,4.454347296253507,0.5531129689693092,0.6234567901234568,0.5399852860876962,0.546583850931677,7,0.5755934921557837,96.5,93.24614572923696
BAL,-7.184616079954198,4.31748811353631,10.934912027228162,4.127134385045092,0.5306397788292936,0.5123456790123457,0.27046709142193004,0.32098765432098764,7,0.45121228425937987,76.5,73.09639005001954
BOS,-0.5767031635043717,4.5217885770490405,8.714514078526536,4.454347296253507,0.48570481039226293,0.48148148148148145,0.595794049992767,0.5679012345679012,7,0.4939658424502458,78.5,80.02246647693981
CHC,-1.4278676067672627,4.454347296253507,7.217366875367516,4.465908118654584,0.46733633334578234,0.4567901234567901,0.3945896840926269,0.4382716049382716,7,0.4770142662844933,76.5,77.2763111380879
CHW,5.32444552514237,4.718498871295094,3.23677456518524,4.3694478524670215,0.4733129376621165,0.5,0.5186735540011871,0.5740740740740741,7,0.5193512271516716,83.5,84.1348987985708
CIN,0.6266256653502287,4.0943445622221,2.088061665413604,4.31748811353631,0.3577732086330676,0.38271604938271603,0.5101577837564751,0.5123456790123457,7,0.442305958250788,65.5,71.65356523662766
CLE,3.7460450582535496,4.060443010546419,14.642406141313755,4.3694478524670215,0.6315226851523091,0.5679012345679012,0.5201357008196125,0.49382716049382713,7,0.5139082807033971,86.5,83.25314147395034
COL,-11.564876398411988,4.442651256490317,13.328704880323334,4.406719247264253,0.4861055252785591,0.41975308641975306,0.5035129298233083,0.45962732919254656,7,0.4309329983399653,65.5,69.81114573107438
DET,-4.979300813174082,4.174387269895637,3.0157792651681654,4.31748811353631,0.3610271248978171,0.4074074074074074,0.43503353277149337,0.47530864197530864,7,0.43176592870501396,68.5,69.94608045021226
HOU,9.644639834688245,4.406719247264253,18.78782619780559,4.6443908991413725,0.6728585720315966,0.654320987654321,0.637259343228267,0.5864197530864198,7,0.6009355230120049,97.5,97.3515547279448
KCR,-11.389165911005009,4.6913478822291435,6.17767831582526,3.9512437185814275,0.4183806672698768,0.4012345679012346,0.5202227714323695,0.4567901234567901,7,0.4068137782998967,68.5,65.90383208458326
LAA,2.170585489408439,4.477336814478207,9.892683269774816,4.634728988229636,0.4117032548815572,0.4506172839506173,0.45499632456339034,0.47530864197530864,7,0.5147007003110331,81.5,83.38151345038736
LAD,12.377495332500198,4.61512051684126,12.761251015989437,4.634728988229636,0.6959615677650914,0.6851851851851852,0.6209451142103397,0.654320987654321,7,0.6141426454269232,96.5,99.49110855916156
MIA,4.312805022620944,4.343805421853684,4.390321014600115,4.248495242049359,0.35102138186454457,0.42592592592592593,0.3597485929117701,0.41358024691358025,7,0.4882547277070711,75.5,79.09726588854552
MIL,4.169523945415827,4.430816798843313,9.14677677443136,4.204692619390966,0.5387881165650846,0.5308641975308642,0.5387053610013114,0.5864197530864198,7,0.5150821093509801,86.5,83.44330171485878
MIN,1.1707837621838142,4.382026634673881,8.048900528834482,4.5217885770490405,0.48938815030854094,0.48148148148148145,0.46701827739226465,0.4506172839506173,7,0.4930274476102231,84.5,79.87044651285615
NYM,5.500281010022094,4.77912349311153,11.765393509378145,4.700480365792417,0.6239948800922261,0.6234567901234568,0.44831032273599475,0.47530864197530864,7,0.5754246113251806,94.5,93.21878703467927
NYY,11.044172271956095,4.442651256490317,14.687234434787783,4.51085950651685,0.6423412852752606,0.6111111111111112,0.5670946246185927,0.5679012345679012,7,0.5828662612104517,94.5,94.42433431609318
OAK,-3.7080513222128832,3.6888794541139363,3.7413088902440124,4.1588830833596715,0.3615896447455182,0.37037037037037035,0.5294526991143136,0.5308641975308642,7,0.4014763040667524,59.5,65.03916125881389
PHI,2.707325804254416,4.394449154672439,11.37007366029219,4.574710978503383,0.5196997162296518,0.5370370370370371,0.5112833087435092,0.5061728395061729,7,0.5281419339087602,89.5,85.55899329321915
PIT,-2.3080361177770534,4.3694478524670215,8.813687146938644,4.248495242049359,0.3588704099855433,0.38271604938271603,0.35702210137262247,0.3765432098765432,7,0.45619519435442474,67.5,73.9036214854168
SDP,5.097586832156988,4.553876891600541,14.603400974956635,4.465908118654584,0.5428039264248,0.5493827160493827,0.5387751973410779,0.4876543209876543,7,0.5499808865703338,93.5,89.09690362439409
SEA,0.7241578173644387,4.110873864173311,7.573358536360497,4.406719247264253,0.5087620772435417,0.5555555555555556,0.4668517789925106,0.5555555555555556,7,0.5021139617639926,86.5,81.3424618057668
SFG,0.9778576607870475,4.532599493153256,8.592038369275588,4.430816798843313,0.4973967032198015,0.5,0.6628836164631479,0.6604938271604939,7,0.5077420276025123,81.5,82.25420847160699
STL,-1.5311788317609456,4.700480365792417,16.00669115119964,4.2626798770413155,0.6438863738351807,0.5740740740740741,0.6164647392618784,0.5555555555555556,7,0.5182113706027679,88.5,83.9502420376484
TBR,6.380816409480099,4.219507705176107,2.3928410172562127,4.174387269895637,0.47908745394383023,0.5308641975308642,0.59538804225878,0.6172839506172839,7,0.5027592344037702,89.5,81.44699597341078
TEX,-2.658168306861062,4.605170185988092,10.485728681619364,4.356708826689592,0.4494476659554986,0.41975308641975306,0.36612332735797315,0.37037037037037035,7,0.47143787040197976,81.5,76.37293500512072
TOR,1.8337104018436285,4.68213122712422,18.058491126987377,4.51085950651685,0.5817027528180768,0.5679012345679012,0.6544333705288342,0.5617283950617284,7,0.5539126968909639,90.5,89.73385689633615
WSN,-6.318392498373208,4.3694478524670215,1.485240275357699,3.9512437185814275,0.38663432143252613,0.3395061728395062,0.4690949289906056,0.4012345679012346,7,0.38409272292802826,59.5,62.223021114340575
